Facehugger:2030-9-7:6:8{9936;3398;3613;3506;6227;
Backbuster:2020-9-10:44:38{9933;4068;1642;3613;5453;6590;
Deacon:2020-6-18:20:50{1006;8547;5929;3613;2565;6408;
Chestburster:2027-1-17:6:31{4068;2565;
King Alien:2008-1-12:14:1{8388;3398;
Queen Alien:2016-1-12:33:24{1728;6510;3531;8389;
Predalien:2001-5-10:36:33{8388;6227;2186;3613;2565;1967;
Facehugger:2017-4-15:37:6{5929;5453;5855;
Xenomorph:2016-7-20:47:8{6590;3613;6590;
Deacon:2014-2-1:7:20{6408;7513;1728;
Chestburster:2001-5-15:43:12{8389;3506;1642;4068;6590;6408;
Facehugger:2029-5-9:35:43{3531;8547;
Xenomorph:2000-1-3:18:42{3531;1642;6802;2565;1967;3866;1967;
Deacon:2026-4-17:50:9{3866;2186;9099;3506;8389;9936;5453;
Chestburster:2012-12-4:22:35{4068;2186;3866;8547;1728;6227;
Facehugger:2015-4-10:2:8{8560;8388;9936;3398;1967;
Xenomorph:2027-10-6:29:13{8560;8389;2565;1006;3866;5453;
Deacon:2021-12-13:22:26{8389;7513;3866;3506;5453;8388;
Chestburster:2010-5-17:13:20{8547;1967;
Chestburster:2015-12-17:21:13{2565;3398;
Facehugger:2016-5-10:22:31{3613;2186;3531;4068;6227;1967;6408;
Xenomorph:2017-10-14:15:8{9933;1728;2186;7513;2565;1967;6408;
Xenomorph:2024-8-13:15:17{8560;8547;4068;2565;8560;5453;
Xenomorph:2012-1-10:23:49{4068;3506;7228;9936;
Xenomorph:2013-4-20:15:4{6227;5453;
Backbuster:2008-4-7:0:16{1642;1728;3613;1967;
Chestburster:2005-9-16:43:14{9936;8547;6408;2186;
Chestburster:2010-7-9:19:5{8388;3613;
Backbuster:2026-4-12:18:15{5929;6227;
Deacon:2013-4-20:42:6{1006;1642;6408;7513;3613;1642;6510;